/Applications/Oasys1.2.app/Contents/Frameworks/Python.framework/Versions/3.7/lib/python3.7/site-packages/orangecontrib/xoppy/util/data/reflect/
3.070000
2.000000
0.500000
0.012100
0.014700
0.005700
0.004700
137
0.028800
15.000000
1
88.750000
5
1000
'Rh'
'p'
88.750000
2
1000
'Au'
's'
88.750000
2
1000
'Rh'
'p'
88.750000
2
1000
'Rh'
'p'
88.750000
2
1000
'Rh'
'p'
88.750000
2
1000
'Rh'
'p'
30.000000
15.000000
31
21
-6
-28
1
1
4
20
20
0.000000
0
0.000000
0.000000
0.000000
0
0.000000
0.000000
0.000000
0.000000
